[0.0690755546092987, 0.5023990273475647]
[-0.11943549662828445, 1.6310038566589355]
[-0.11943549662828445, 1.6310038566589355]
[-0.5548256039619446, -1.275209903717041]
[-2.8200833797454834, 0.6544469594955444]
[-1.6306322813034058, 0.7442887425422668]
[-0.11943549662828445, 1.6310038566589355]
[-0.21172048151493073, 0.3480672538280487]
[0.34184613823890686, 0.26146090030670166]
[-0.10153200477361679, -0.42371872067451477]
[-1.6306322813034058, 0.7442887425422668]
[-0.11943549662828445, 1.6310038566589355]
[-0.41801372170448303, 2.2688846588134766]
[-0.41885748505592346, 0.08278842270374298]
[0.020327474921941757, -0.12851084768772125]
[-1.1016721725463867, -0.7906688451766968]
[1.5776185989379883, -0.3029579818248749]
[-0.35193896293640137, -0.22195585072040558]
[0.7878504395484924, 0.9427823424339294]
[-0.5646910071372986, 0.49208277463912964]
[-2.248366355895996, 1.0676203966140747]
[-0.13574616611003876, 0.2242865264415741]
[0.21731489896774292, 0.02823682315647602]
[-1.6306322813034058, 0.7442887425422668]
[-0.11943549662828445, 1.6310038566589355]
[1.2800246477127075, 0.5991814136505127]
[-1.2815020084381104, 0.028880933299660683]
[1.4554566144943237, 1.4366211891174316]
[-0.33393222093582153, 0.8762538433074951]
[-0.7425006031990051, -0.22518335282802582]
[0.5366382002830505, -0.16604399681091309]
[0.020560577511787415, -0.7336387634277344]
[-1.0492295026779175, -0.0016512200236320496]
[1.8112555742263794, 0.7677741646766663]
[-0.7425006031990051, -0.22518335282802582]
[-0.11943549662828445, 1.6310038566589355]
[-0.4171188175678253, 0.3747730851173401]
[-0.0628516748547554, 0.08210600912570953]
[-0.5574694871902466, -0.5394524931907654]
[0.7878504395484924, 0.9427823424339294]
[-0.37665116786956787, -0.21270684897899628]
[1.1909470558166504, -0.041079625487327576]
[0.10234661400318146, 0.32745903730392456]
[-0.5119232535362244, 1.033740520477295]
[0.0690755546092987, 0.5023990273475647]
[-0.11943549662828445, 1.6310038566589355]
[-0.11943549662828445, 1.6310038566589355]
[0.9169923663139343, -2.0251119136810303]
[0.3378182053565979, -0.39317193627357483]
[-1.0869288444519043, -0.4913656413555145]
